4783
40262991
40263006
479836844
28291986
139022213578
139022213598
8177777568
2363377718577
98008
28324401
1666155
1675695
484351085
1681694
486009795
28583498
28592849
690169415845466
486083351
1686625
8286391591
487434854
140868677194
99744
1695652
1695667
28827551
29162441
8427945678
100914
140969574584
1689837
488858906
141280215722
2401763667293
1691556
28756471
488861085
141280853794
491364503
28903913
2414083726283
5921
100661
100676
100682
1712570
103619
29946120
8654433068
2501350516409
722890299242430
509128962
29964934
8659866155
1776265
513340674
8726792791
30196524
526671619
152208097994
747798385761206
43988140356071
152208103362
155426573035
2642251741599
44918279608540
155426575105
2646325391614
9156835281
31684554
9156837627
33219465
163207234415
163207234525
33250864
2009863
10042840802
2902380993179
2902380993203
170733807938
170733808048
14259858382047577
10043165277
590790074
10043431262
2902574093755
2044440
35400870
35401213
10230951958
2956745116091
122510
35659952
454
2233348
37984106
38062798
143085
41351654
702979451
203161061568
713255235
12125338999
206130764340
207351841360
3524981303139
2482634
717536003
12198112104
42208016
147073
3581054181062
12371904827
12371906572
3575814335143
210342019731
2521856
150333
748697617
12770486662
12770486669
3690670647497
44188550
2617629
154429
44691478
12915841530
154657
44706319
12957544253
222222630349
64222340172286
156629
13081819724
222390935327
45265870
769521123
222391604776
2662712
13101167727
45332769
224490655233
224490655240
64877799364516
224490655344
158264
1104012008417272
64942085469025
319061060166887645
18021606186505394822
64942306592642
3820136467683
45738672
224714211481
13217376146
224698394544
64938758949658
13313097802
46066098
46068999
13313940940
3847728936048
13594409587
1135418683124437
2767047
236430038241
4019310650457
13921568178
236666659045
166782
2835306
819403523
13929861224
4025729893965
68553021531420
1165401366034159
68553021531530
19811823222612399
14424666880
2938506
49985307
50136963
14489582536
1216211776524700
14818221314
871660094
251909767395
51791779
51938167
15010130492
4337928051839
52042598
52481283
15167092212
257840567623
3100557
896112293
4402599696143
52712957
3106396
3110260
52938834
15638604489
265856297191
919917999
54116567
3188888
54211115
15691139198
4534739228451
1310539637026727
923008276
4538021937835
55641481
1343712908978587
946897555
273653393551
16044537411
55549035
272912433318
78871693229131
3286054
3287414
950064071
3367508
198623
57402276
16589262152
57826609
4829736280858
41
2933848
4176710854655
14452340870
245689794809
849999138
14449985365
245649752283
850005989
245651732222
850106815
71001771366184
850110810
14451883789
599
173340
2954656
50229156
246775889348
853896985
10288
10330
176030
864838438
10358
2994949
250141201001
865706439
14799344098
870549654
72709177660344
14799344432
14799346177
4277011045382
3016970
872270546
10446
3018983
51323301
51324044
51380753
873472820
874912331
14873510960
178100
55549310
55557300
3280469
16116947143
3291501
670
3293768
951899181
55996307
56065053
56382439
56387457
16300082444
195233
959259413
16307410025
277225971758
16310668450
80134396367137
4713788021613
1362284738246386
3325554
16338449648
56568949
11529
3346387
56903034
4752598368286
3347320
56972910
56987391
197203
57007108
969477725
57062212
3360823
971277876
16511723911
971277950
16511726245
57134010
3370772
3370918
974833806
281726970023
4789358491724
1384124604108465
81419094376498
57345462
12463
3601896
3601911
3609424
17733102958
5139119078818
17836585336
61718304
217098
3690691
3692509
1067135330
3695546
1068013023
308655768035
63235823
13313
65407450
18904959152
13319
226513
5467507170798
226529
1112939909
18928071121
5470212557235
18928071141
65496159
65495750
18928271979
65497618
227471
65739348
18998675960
227532
1117867562
3868063
65797828
228841
1124298679
324922318460
19113125182
66164341
325065410179
66577019
1131931048
19242861565
19259370180
94621310240631
3920089
66665525
13572
67137404
329846068698
1141335887
232325
13669
67158643
67161088
1141739829
3950672
232392
232393
1185848000
4129152
243136
14326
70386484
345992684367
70669191
5902361567083
20423405892
70762352
70798100
14472
246028
71102360
246043
4183809
246576
4193204
1211836045
20601214098
71284487
350220689192
351364001735
71680452
1257193098
73952602
21375757315
21375810191
256096
74011973
21389464585
15065
74024543
4355618
1258773831
363785641547
4368005
256949
1262398902
21460781353
21460661821
1262393283
4368152
74258634
1262396797
74595855
21574996995
74683589
74688502
260003
4420065
30833313003314170
260070
1278383734
4449194
75636302
75636317
1285818467
75685127
4452074
6321309281300
6321309286072
21873042528
21873042610
6321309315691
1286649615
261890
75687697
53
4611782
942
78714019
272382
16033
79151134
22874718528
273895
22876054864
1345758211
1345752991
79156048
1345702663
1345702935
273912
1345732502
388916693307
948
16132
4662237
79259362
1347442226
274263
274269
4664669
79299391
1348090742
16144
4683344
391157672132
113044567246377
16215
4686224
79667141
275674
16238
276065
1356645857
79779709
1356255078
80394265
24840248756
4361219
367706899372
367706901378
106267294498471
1272342228
74898483
368190012243
106406913539652
21658236081
368190016320
106406914716709
74942009
4412844
21680307283
1276245704
6270195146800
369552254492
369752360146
106858432082423
30882086871824635
75265295
1281189362
107006216774171
370347168899
75405137
15350
370630856810
1821594821236206
21825408661
21826136107
1283893558
21822099313
6306586701486
6306586701613
526732427905427983
6306983658126
107218722188161
107218722188213
8955014895881746583
1822718277199674
75685788
6321352708158
371853351375
15407
80781013
290263
290264
83894844
7008882491484
290430
83934715
83954310
1427224516
119203218866408
83959227
412491683108
84198804
84198934
291349
84199950
84199964
1431400483
4952952
24335877710
24339332958
4954097
292541
1437920120
292684
4975653
84598281
294394
1446446601
5006355
294513
85352838
5035170
5270766
25895278069
310139
5307048
90219820
5311315
18469
90740309
313992
314215
1543741141
5341680
1550962192
5369101
5369254
5522829
325337
5542209
1601699826
1601699936
19282
5572727
1611129955
94777912
27390891688
27399165290
94812573
94841448
7923063820361
7923202435454
27415952901
466071199336
466137733206
1612933443
466137765116
7924342008305
27419868550
27419868551
466137765386
94878520
7924352805189
134713997689570
27419906036
466151510425
466151510535
94896113
1613233925
94896213
27425005646
5582134
94896297
94896360
27425048129
1613238139
466225927636
7925840769831
94901188
7926242128648
134746116274767
27426443421
1613320215
466249985414
2290686178341828
662008305540788521
2290686178415547
94911121
466298340343
7927071785850
1613507030
1613520306
466307368523
7927225266224
27429845221
1613538684
466312679765
7927315557338
1613551705
2291012683390836
662102665499951633
94915731
1613567431
1613567446
27430647660
27430647684
466321010647
27430734204
466322482825
19331
1614563782
134850884683193
7932656226027
2292537649322032
134855175407251
466626904539
7932657381924
38973145717395242
1614625971
2292564261944583
466629537340
7932710643251
134856080935271
134856080935286
2292553375900940
2292553375900964
1614656586
134857732764310
134857732827190
38973884787058139
94979803
466635853617
7932809511627
94982777
7933056566626
466653147179
2292666912093297
2292666912095093
134862779462779
466653234629
1614719386
27450229566
2292673086879195
7933124868110
466698168195
95306782
27543735118
468243497025
27543735228
95308735
27544224504
468251817901
468251817925
1620248514
468251820924
1621788917
5611742
9234816444018902945
8138941234128227333
1624282954
1624836984
5625984
1625909605
5768499
339348
98071661
5768935
1667514334
98089141
5769961
339523
98122236
1668079345
5772120
19974
5772783
339577
339617
98149402
98149417
1668541167
339628
5774319
1668778420
339733
98184222
28375244546
339753
340470
1672731956
5788009
28441553318
340543
1673090605
5789250
5789256
340734
341824
1679405039
5811336
98792716
98792731
98805263
1679689475
1679689490
28554722408
5812829
5813102
1679986507
28559773063
485516142090
28559773174
485516143962
8253774448687
98822753
1688085172
343598
99299911
5841185
99337192
8296741683601
345139
345163
99752210
1695787607
99752336
28828429492
28828459888
99752472
99788730
28838944371
5870125
99792776
1696477196
1696477211
345397
99819822
1696938307
1198
1756285288
103315939
507645914210
21066
358141
103630371
359266
6107526
6107541
21134
21150
6112439
30056293950
109123539
1855102607
28268
5827231
99062931
99062946
1684071160
20176
1685125396
1685125416
28647219483
5830953
99127534
5831545
5833857
28661744152
2393857533389761
20258
5854661
1691997118
5854665
1692038987
99655891
28800552728
345324
1696579658
490311521391
5877313
20388
346600
21118
1763807786
1763859831
6103331
509770302854
21120
6107496
359286
103822592
6107476
510102568568
103827110
30006094244
103827644
30006189219
510105216748
510286097527
147472682186704
1765695862
21151
359586
30028918444
1766406984
359558
103912351
6113390
30035087173
8680140193226
2508560515846702
103927669
1766770391
30035096666
30035097742
30035672587
30035672697
8680309409662
103959535
103961924
1767352727
30044997437
30053176439
1767834848
8685372614366
359847
511735105592
8699496795083
511735107388
6127026
6128027
30106999631
104176478
30107913449
1771322383
104195451
30112485568
147943320348891
511914603299
30112623739
6129321
104198475
6131165
1771906774
512129997769
104257977
21224
512243736420
148038439825609
148038439826805
8713161384130
104323004
30149349557
8713162022202
42849488977375424
513038505018
361383
6147679
1776679320
513460323709
30203549797
362159
104664040
1779290013
6156722
8744680967793
514392998121
30258704976
1779923915
6162131
104756231
6162182
1780930979
514689052960
30275826662
6162378
30275765960
6163831
1781815381
514944645212
362675
104813231
1781825323
30291030495
30291030510
514947519748
514952462428
148821261643093
43009344614854106
6168445
6168505
6168520
30306101523
1783280625
363023
21355
6171684
363054
515502096976
148980106027489
2532661802467332
21360
104944526
105046643
516108169722
516108169742
105049499
30359306612
8773839611097
105074999
1786274987
516233471472
30366914637
105076118
30366998191
516238970580
149193062497849
516238970604
8776062500287
105077311
1786314291
6188141
1788447869
1788447979
516861466160
149372963724628
516988578288
30420775856
6192151
30422040733
30426381589
517248487017
517273219604
1790332225
517406013254
517406014450
105315528
517415191910
149532990462219
30436561325
8796166223154
8796166224350
517425964060
517425964080
105317997
1790405953
105319568
30437355255
8796402098712
8796402098732
517435417588
149538835683161
6195279
1790435787
30437408664
734791777955586063
1790698011
30442590443
8797908639452
105340202
30443318481
8798125794052
8798125794162
30444259115
364532
8798930423304
2542890892336257
2542890892336281
30446167309
6197081
517586407901
517586407921
1790956498
30446261799
105350396
105408775
30463136064
517873314421
517873314445
1791949194
30463849196
8804052417673
30488855297
518310540053
518310540068
8811279182234
2546459683665855
8811279182258
105531874
30498713011
365172
1794092968
518492867981
30499596184
105535039
105535951
30499890068
8814468234040
6209611
1860257031
537614281988
155370527494761
2642537185057444
9145215991777
1861774164
31650160807
22315
1864533770
9160454414640
1314
1868070589
22342
22357
31750195098
155988708519179
539753316691
539753321873
9215785242917
110359785
9220543181552
1322
6498846
1323
22498
382485
382559
22564
6521225
1884638413
22579
110931229
1885830912
383862
383868
110921588
1885667000
32056381436
157493850814491
2677395463846351
773767289051598994
2677395463846366
32056643609
9264370003090
32056645013
1885693300
157494990115000
157494990115020
32056786104
9264411185746
157494990174872
32056786119
1885716319
9264624545620
157498617276873
2677476493724031
544978025915
157498649489524
2677477041323241
773790864942416878
45517109702512287
773790864942708898
9264626440574
45517111059764095
9264626722597
544978042509
157498654286502
6525072
1885747295
1885752847
9264703742022
544982636161
157499981850758
110927437
32058029322
32058010599
544986180460
9264765067838
1885880070
45520996968626285
32060269794
45520998489755787
545024588218
545024637350
545024654110
157512125037879
2677706125645276
773857070311484993
157512148556088
45521010932709661
45521010932710857
545024737563
157512149155796
45521011106025273
157512149490169
2677706541334326
2677706541336071
110935272
9265424861727
545024991883
45521057823062083
545025311094
45521059007947546
157512314907567
45521059008287092
157512316486505
45521059464600174
157512318451705
32060480475
545028224637
157513249873820
45521329213535405
45521329213537201
110935996
32060502933
545028550451
157513251080568
1886082766
1886243522
32066139878
9267114425689
2678196069024350
545126106865
9267143816709
110956691
32066483788
9267213814961
545130224986
157542635021183
545130225729
157542635235910
545130135415
2678224355296741
774006838680758378
32067373873
9267471049526
545145355866
1886316278
157547021860538
45531089317695711
9267807468975
2678396358533864
774056547616326547
157552726972594
45532908560548792
9267842165846
157553403885853
45532933723011746
157553717070787
2678413190203383
2678413190203398
45533024233458868
9267865760638
2678413204824471
110977637
1886619833
1886619848
32072538494
545240967772
1886653297
545242803198
6528250
1886664479
545246038819
6528263
1886668096
32073358965
9269200741114
545258008080
157579564335349
157590284174606
9270016716170
110990271
157595547184153
1886912604
545317742645
545317742785
157596894049699
32077538785
9270408708954
6529204
32077581712
9270421116169
2679151702573070
9270513458858
1886956024
545330291025
157600454106454
9270614948758
1886965733
32078417465
32078436778
545333425230
9270668230243
9270668233777
13163250727462138646
1886999580
545347451965
111000910
1887015474
1887095832
9271301825462
2679406227558747
9271301828758
32080701653
157612487223292
157612733009540
32080751685
545373000294
45550098357560874
13163978425335094107
2679417550446525
774351672079045954
2426704346329665702
2679417550447268
111010683
545395488449
545395488559
22595
157618058043367
2679507018951223
45551619322172124
774377955547246744
774377955547248540
157618146867228
157618146867243
545391511667
2679508496822817
6530044
32082151176
545396570010
545396736351
111010938
32082161185
545396741264
545397084961
6530059
545401513019
32082441959
545401513322
111012081
32082939099
32082987100
9271983273325
545410847719
32082991059
9271984416280
1887260530
545418368400
1887248287
1887251265
9272065467048
2679626919977101
111018809
32084435890
545435411487
1887319772
1887329310
9272448902876
9272448902900
545438255423
157631655817476
45555548531254952
1887330737
545438583082
9272455913727
2679739759067332
1887335362
9272478635609
9272478636352
111020525
9272545277540
32084931814
545443842171
157633270387648
1887395785
1887416301
32135743096
1890677683
546405850616
157911290832412
111631119
32261393620
386282
34160848448
6954028
6968746
2013967823
2014453848
2020885338
2022698387
9937517178177
119113446
24255
7009784
2025896400
24264
413902
2033502629
587682260010
7036353
2033525693
34569951714
587689179157
2037255540
2037259603
7049391
2037274215
588772248234
34633825387
10009181289477
2892653392659082
2037286353
2037340253
34634784320
2037348881
34634930996
24873
35318847247
2077579251
24878
122227726
2077872675
122230218
422945
422974
122239575
2078074108
7190577
122290506
10213825360236
2079181951
35346093186
423984
2083035495
601997258284
173977207648464
7207991
122942712
2090027437
7231944
425410
7260651
427124
7261127
2098607401
35676325836
123443837
2098545248
123465869
2099121400
428836
2106871867
123933703
126583243
36582557456
36582871868
1517
25937
127429080
25944
36837351140
25958
7501951
127534500
441305
441359
127572672
2168735443
25998
26064
443113
37578331248
459755
175649466226774
36190588128
177804359475830
7632634
637713002596
648005549571
2243049089
131980856
11023173703736
3185697200379933
38193367018
11037883068431
963801494319145647
11571377540697
40242349565
684499254804
40264477392
197819377429742
57169800077195667
3362929416322804
40264657186
139405962
40288323107
11643325417774
40360048559
2388878491
199521520455421
40628610456
2395456323
200070907618855
2395453188
141050022
488078
2398330714
2398581430
141126440
8309249
8322211
8335414
8357426
142076246
2415297515
142212366
2418171006
201968060657698
8372074
699244058126
142452233
41168695566
11897753022962
2451035744
42376124361
506656
510447
8677618
147594303
1769
8691644
147759498
12341021041068
42721855986
12346616380183
511514
8695757
42796209209
2514729238
8703343
43183685213
526053
152104437
152104547
31088
2596524938
528515
750562474299
760848925572
44761498598
760945476170
760945476185
760947308397
219913772128158
761249737938
12941245544950
220001174265483
63580339362724816
220001174265507
44808110575
12949543956404
44818216506
44822174148
220233364900550
63647442456259179
9124925
155123744
2638433937
155443906
44923288923
763695913048
2642546421
12988477844248
9147754
538327
766950807616
64056498402904951
221648783401253
540238
45121481367
9185309
156150257
156164113
156164213
221730851162192
45131503887
13045463082819
3770138830936116
156207718
156208092
13068099135846
3776680650260919
768802141400
9206710
45232569100
769001429198
222241599691529
13073035275989
3778107194761050
45235708574
45235708581
769007045896
156699868
38363
42339482945
12236110572530
42346114659
12238027136680
29932
8650437
147058762
508863
147062296
2500059051
508898
208820730390015
42511247491
29959
29983
42571673396
723718450675
209154632245304
60445688718897244
147306844
8665186
147309325
147311191
509730
509835
42581972933
147342544
147343598
8667502
2504908167
8669376
2505475185
147425414
42605944675
12313118011304
724301061919
2506232057
2506344488
12351758008232
511297
2512022709
12535183704078092401
725974563130
726042724796
147849846
147849853
726795364315
210043860287264
2514925194
1771
148054159
2516920722
511848
726751816708
60699038483277478
147924301
8701827
147931078
147942359
42755341980
726925334806
147962293
2515358985
147965183
512184
148021830
148023575
42778813404
512332
8709663
8709669
42840748127
30214
30958
152098757
43956541002
526305
2585741026
2587958928
8962099
2590046840
216323302277188
528425
528550
31139
529428
44218404916
12820708052340
2609547829
531628
532152
2614465708
9046603
9281301
1889
9281338
9288958
157955820
45649232009
776037341411
9292611
157974412
547030
2687561322
9300654
777714351412
549159
9335728
158780566
158818717
2707942820
32422
13526871268269
3909265796529830
2753724607
2753776351
795841365668
560542
9529233
32974
560563
9529596
795925467093
162004108
560583
560682
9531613
162037471
2754637026
2754915419
9532634
32986
9533043
560781
33036
561616
162308714
561630
561631
2759300862
47000615299
162633408
799017936350
2764767955
162652455
2765580328
9569716
563009
9571178
163195499
2774804703
13632615508685
564794
163716869
1994
34080
9849209
48389404936
167437972
48389574137
13984586929981
9861126
48447713293
823611127144
2849930230
823674519583
238041936159716
167657743
9862503
48454557950
14003367247779
4046973134612519
167690258
48462484791
167720475
2851248089
2851354377
34182
9878827
2854985391
49270757248
14239248844901
2898283340
170503562
837689144973
590014
170541079
14243761467769
49286372060
590210
838015614570
170571713
170601822
2900230978
591033
2903747975
2903748061
839183189858
10047580
10048977
170832628
2904155754
2904807360
242612415523170
2904907287
10051598
34785
170900808
591364
2909638686
49463857681
592250
171171110
2909908877
10068916
2909916823
14296421354245
4131665771377034
49468586411
14296421473008
10068917
594238
594300
594342
10103828
49762039585
14381229440294
49776266480
846196530164
846196530179
14385341014121
4157363553081198
14385341014145
244550797240484
35609
174949863
605579
2979712915
863271866881
50780586853
10337739
35773
608160
72150617394054376
608557
175883317
608608
176194717
50920273442
609774
35878
35889
610138
50959454444
610155
10374153
2998130446
2998131738
612280
10033133
34788
591401
171208844
49479356019
34896
171446894
49548152595
593251
2917070155
34957
171896457
10113886
35019
10126701
595722
35082
596419
10388786
3014206782
3023885378
180504716
10637867
3088457123
10701195
52574973967
37031
630113
182894001
52856366378
898558229759
3109198036
3109198042
644203
53804883881
38014
10986275
10991307
3176487827
920032662298
648206
11019527
11021696
38229
38236
189040347
38747
190366857
55121887077
38987
662804
38995
11290821
56245273689
16254884096350
673492
11450154
194687371
673715
194705036
194713690
11467579
674615
11468480
675773
56442582084
959523895447
11488418
3320154203
3320156068
959525103881
39759
195336312
675924
675959
11491322
11492314
11492739
677758
195872291
56607375103
11522200
195877425
962361011286
11522469
677819
11546830
196296129
3337035271
964403193548
3337179463
964444865036
679258
196339006
3337831035
56743127632
3337831161
3337831263
11549604
690630
690645
3393141715
11740990
3397345200
200511143
11797083
39655
674154
195140046
11479000
3321192677
16332910579080
4720211157354349
16335684203082
4721012734692123
11510973
3326671286
16346062703489
39838
677265
56614170019
195917488
3332559067
11531442
3332586827
3332586842
963117632854
56655058252
196038273
39903
3332878512
56658954259
963202222421
3332748794
11532066
3332767163
963173198426
16373944446380
56657604489
963179276332
3332834291
56658182966
39912
11534657
196089759
678523
678580
3333953161
196114911
11536291
678614
196119675
56702468702
11541424
196204212
196204227
678917
196208398
678937
39938
678950
196217497
56706856862
16388281637506
678964
11542407
678965
11543483
11545928
56733995407
196311418
679408
3337934350
679697
196498367
196724345
11570714
56846922593
40040
40060
984128544802
3405157091
57887670566
284507572505568
4836628732595751
1397785703720172268
57909179051
200384029
284538140334669
284537653347994
40811
11794588
200508000
200508015
11797136
694013
985605946378
3410891341
694832
986594640412
285125851081247
3413822300
201025019
40965
58166792122
201263915
696424
3421832592
988909619317
285794879987001
11866688
201733716
58301043953
3431225008
58345614340
206242625
59604118854
17225590353194
17248055221731
1016629103305
12180586
59844225372
42247
12209472
207562357
12751917
742462
43680
12622284
43777
12674373
215673845
3666520707
3667119297
3667968979
1060043035160
306352437165628
747138
1061168238889
306677621039150
3671878727
12705464
3671879830
62421957148
62421957163
215992947
1061173351457
3671880118
12705580
216083979
216086376
18047750644945
62448964185
216080185
216109597
62455673622
3673918319
13127997
3794875865
2682
775255
64750785874
18712977118987
18712977119011
224070037
45618
45699
13207100
224521290
224522033
776902
224606279
46806
66472366986
66472367258
66472367255
1130030243354
326578740344363
94381255959521136
3914826233
3914826235
1131384781944
326970201982045
66552046014
3803647305
13161425
774217
223748869
18687729296359
13161708
45582
228420896
19078203709121
5513600871936198
3883208586
66014923894
3883230834
13436788
19662229898397
5682402703112973
19662302393180
334259159110432
68035799777
19662346355860
1156609758010
334262748917863
19662539318848
1156628218174
334265716586035
19662706931334
5682522303195377
68037135570
4002184510
235305274
68003224415
334100045701418
235323914
1156170183775
235349226
235354531
68017459488
19657045792261
4001587327
68026984578
4001589123
68151117377
68166925980
4010111322
68191343124
1163363181333
4025482756
68443984789
1163547746470
19782489533253
1163678387591
336303054014028
4026568850
236860961
1163697904359
68452817958
68453149132
13943554
4029687195
237043330
1164594469039
68505557019
19798105978720
237057511
68509863206
13944612
1164668338508
68510711899
1164682571469
68511054479
336594810658197
5722111781189368
19799694744660
19799698711299
237062530
68511072413
19799699927586
5722114772740741
1164689063914
19799715006479
68511298411
19799765241008
237078625
237080985
237081526
1164832480922
19802179268103
19802179268123
68520226168
19802345363977
237095962
4030868883
1164921107416
68524771082
19803819394392
68525326627
13947757
4030902098
4030903174
1164931047611
1164931826695
336665297916376
1164931826715
4030906944
1164934963334
336666204403615
19804615826345
68528411226
68528413521
19804711507798
19804711508994
4031107521
336682131327013
5723630756081063
1164997100813
1164997100833
4031135966
1164998294403
19804972044324
1165005809964
68529753544
68532600570
4031329462
1165054214747
13949296
68533336398
19806134219251
4031379855
13949474
4031399507
68554349285
336812260087162
1165440346338
1165440346607
336812260169652
4032745573
4032745683
1165467004276
1165467004545
336819964313734
1165490126192
336826646469717
19813337884962
19813337884982
821003
237270096
5727439467843758
1655230006206846291
821052
1165777285655
336923562970101
19819849027099
68580892045
68601732991
68601733011
1166238182580
1166323453430
237395621
68607751176
19827640090093
13965692
1166428627104
1166431797252
68616492559
19831447448372
19831459459299
1166556438799
337134810813140
97432603960480538
337137104898877
337137104898897
1656354597188646841
1656354597381747393
337137105105223
337137110768314
19831594751094
5731330883066395
1166564427424
19831595280542
9711285992807445447
1656354709795117697
5731332510153426
5731332510153446
19831607203644
5731334481853345
337137593345340
1656356996105658050
17518570031796386279
97432764476803489
5731339163686696
1656357018305455373
5731339186176965
1656357024805144145
5731339186176985
337137599186897
337137607027129
337137607027149
1166566135905
5731340312624692
97432785314624821
68621862281
19831718199438
337139215346809
337139215346829
19832616928317
5731626292283842
68629805720
68630487202
4037087498
1166718287151
1166718642661
1166718642771
337181687761048
68630537782
337182815897960
1166731340530
97447495522258227
97447495522258247
5732205618956665
337210730186722
19835925305118
4037441234
68636541356
19835960452113
19835960478452
68636543775
5732671867731947
1166837403290
337216009551039
337216009621595
97455426867243907
9717874290923937736
9717874290923938908
17630475390235400790
337251709388516
97465744013282549
4037966925
237556968
19841668470744
5734242188045245
1657195992345080193
19841668473862
5734242188946347
1657195992605498671
5734243801860696
1167157297361
337308459612220
19841674094852
5734243813412457
1167300529787
68664737063
1167306245204
1167315659428
337354225574921
822208
1167418640347
237618341
337391167774605
1167443487125
19846551263427
19846551263447
1167444194336
19846925771591
19846925771611
19847317580271
1167548667363
1167548667383
19849006112659
19849006112679
1167605294601
1167605294621
337438051380447
5736446873467603
4040158191
1167605717428
1167605962769
5736449336187292
337439993220730
337439993220750
4039645266
1167457482103
13978020
4039931378
68678834783
1167540191330
4040002078
19848530212180
4040003279
13979273
4040009986
237662715
4040266174
19850042530014
337450723010257
13980405
237676716
337466960493119
337466960494915
68688573325
4040506199
337467124914240
1167712324306
237678873
1167849772477
4041044930
337512113664102
5737705932289753
68702749031
1167946733531
19855094471360
5738122302223269
1168136364347
237789834
19860445164000
237829255
1168455132685
337732517839298
5741452803316609
237891248
4044151221
1168759704390
4044883622
1168971366987
1169085551034
4045278732
19882659690022
14003517
68799303384
14003537
68799438894
1169590461217
4052634656
1171501382209
19915786262291
1171547549517
338577241810642
14041886
4058105283
4058106575
1172801219532
4058390030
1172874720191
1172890125180
19939132215921
5762409210401398
5762409210402690
68998333927
19940518505132
97968155218970570
5762832659939462
1665458638722504747
68999136704
19940750507685
19940750508977
68999224016
19940775742025
19940775742049
1173115007929
69007500976
4059264780
1173127521649
69007582098
19943381755697
19944949330732
4059627426
69014356056
1173244053140
19945148903399
5764221460461431
5764223146280769
1665860489275142470
339073257400502
339073257400522
5764245451744431
339073261867335
97992172679660044
238809694
14047647
4059770072
69016092557
19945650749202
238810018
5764319479724584
5764319479724604
97993647469271384
97993647469271404
339078469958021
4059820002
69016940053
238815478
69017943668
339085157244986
1173305042375
339085332125735
69018007229
339085469518947
5764452981822118
1173394734344
339111078226817
98003101607550342
339111078226841
19950143863105
5765591576437574
19950143866420
1173555173272
19951106693193
5765874335665338
339169078568566
238881115
69036717355
69036717465
4061980600
69053670204
238959753
238962119
1174020891281
1174020893613
4062390725
69065035997
4062674931
69070746634
19961445777455
5768857829688883
69071995525
5769630060031360
19964117854795
70219323502
840757
242979002
2912
2918
843391
14338980
49625
243812186
70461721983
20363437657475
5885033483010379
14359988
4150036561
1199360566358
244119849
844721
346879910984031
1200293982693
1704245813385387555
5897044336973675
346884960998506
20404997705800
100255842900260670
5897402720183109
12941626675965175342
13887806464606247510
5897402720183129
346906187774225
346906187774245
346907268285402
70610179933
346907814013795
20406440804880
1200378870892
20406531338329
346911274325950
5897494245708011
1200389601838
346912594920698
5897514586579393
5897514586579413
1200389888137
5897522225621312
346913592868910
70616844158
70616844178
4153932221
4153932308
70616849240
1200486438413
1200486438437
20408269453448
245527809
4173972757
70957538226
850889
14465132
50056
245927974
850977
14292598
841368
14318594
2920
244390205
70695059287
248622163
71851805336
20765171746492
4226576796
50678
248983860
71956335769
861545
1227301779309
4246718974
50892
865189
15054402
255924853
255924859
21964477505697
262901330
53657
912187
53689
15973422
78477425132
271548193
942437
55448
942641
4631195832
16056654
272963137
928645
56860
16432629
16432643
279356026
279356350
966639
988181
990221
991910
286748201
58644
996973
59307
7033099847068006
17139812
17139833
291377180
291378137
1431545696138
1008238
291399145
3492
17158308
291692569
1009332
59383
4961456449
292166916
4966837577
59471
84442680018
17187377
1435506920117
1435506920137
292280596
4968770395
292280712
1435975142767
414996816259892
1011423
1012117
17205993
17206008
1437913788002
1438349601708
292769792
84636929781
84636929801
7068964578771779
1439542323248
24472219496311
293052411
24476030489700
17249073
416350730157535
59712
60429
296888090
5047097549
296890523
1027312
1027318
60460
17473043
85845064970
297041756
1028321
60504
1028593
422205553989749
1030843
297959739
122460868449445115
423730961156519
1032656
17556490
86255067027
5073827488
60796
17570273
5077813285
87429928243
17795673
61592
1047083
1487209636143
429803584845556
124213236020370072
3626
61646
61660
61661
17481074572172416613
5150299687
1050399
1491416557594
25354081479117
303565400
17856802
61794
5170010643
87898301017
431923058974567
1052984
304312605
1076584
18301933
5289260038
311133005
89917470172
25986148879937
63534
1533574169388
18361555
1080096
5306521122
90214474027
26071987258087
312155214
90212857075
5308805650
90249696069
1080610
63566
63611
63619
1081541
18386216
1081542
18387292
63633
18390041
63634
63652
18395531
1082364
5317842813
5317845681
90460603630
1082823
92435874122
26713967621487
1572929075905
5447102664
65241
1109479
320647968
1575343469721
1110686
65336
1110784
65342
321028092
1127923
315464619
3778
18562569
91197904343
26356194355356
18562573
1092071
18565102
315612907
26410740612302
7632704036995129
18601000
316218348
1553637195797
449001149585422
5376018531
26412822720283
1553695454151
449017986249868
18603275
91397914438
26413997272811
7633645211846767
18603352
91398268923
1553911304901
449120725506270
18612676
316415496
316415511
5379064765
1094886
18613065
5379175814
1094888
1554604662688
449280747518257
449280747518367
449280747520047
3792
5384730683
1556187167616
91560236671
11512703763280234401
18637410
5387110591
91580880066
1096811
317186212
91666815497
26491709683021
18882785
26813818348694
5457750314
18886379
18896763
1578276640431
5461596584
1578401414297
1581489555740
457144390728466
1287668510613114164
5473823690
18944873
5475069698
1582295142951
1582364192712
93080246718
18947158
93176088343
26927889531356
65656
18974673
18974688
322570774
1116177
19231610
66578
94682003786
5571913695
1610283058084
19298677
66781
5578763364
1612262612285
94838977207
465945720150048
94839785220
27408697929981
27408703646833
94839805892
27408703904217
465953400091639
134660532626485096
7921235893614148
5578910712
27409188411375
7921255450887604
7921306260546107
134662206429283838
94842296662
1612319043273
465963804761754
1135584
94845116964
7921559014020813
94845116984
5579126897
328184005
19304953
19305084
1612388377436
94847310221
1612404273776
27411143367161
5579308647
94848247003
94848021125
19305522
94850490740
27411791823949
466000784753062
5579557816
27412367591015
328214431
1612517502349
466017558179090
328215758
94855119458
466051148273506
7922869520649606
7922869520649621
328243909
1612662327763
466059794355201
16102218853958504348
66812
19308757
19308772
466072565939438
66813
328252750
5580296764
1612705765025
5580296769
94865689598
5580378794
5580383419
27416423739650
7923346460759079
1135840
7923429830160385
2034322608158871119
16136740264991257426
7923429830164448
19309574
68235
335352524
68266
19728963
96928466706
335392634
335393704
96928780685
1160541
19771700
28072986831551
1652415284481
5717699955
336354776
8118791903999523
28092705550187
97206593642
28092705562767
1163896
68479
68481
19800125
5722236354
336609829
97280240810
5722791536
1164939
336667527
19803982
8126892641870760
97303584067
336690618
1654161009080
1654725295549
19812794
1165857
336932776
5727857544
1655350830445
20233099
1190195
1690251130106
28734269212897
20273970
7914894539433672435
344794872
20301775
5867213078
99742625286
28825618707883
1194360
141653265006338610
1194598
1194802
1724324168244
498329684622745
350971757
350972709
71442
4070
339967707
1177187
340207272
5796020240
341033812
98558776056
1180063
341136832
5800308086
98605237481
1676289038255
484447532055924
1174586
5870086589
1696455024450
5872923379
1697274856760
1195397
99860095116
28859567488753
20330628
5875552917
5875553027
99884401478
1698034826324
345670370
99898737019
1698284471729
99899086589
346141252
5889500991
346641426
100179372343
28951838611515
20399852
1703816136800
5896829273
492509077718843
20666310
351327289
101535708959
29343819890638
8480363948394611
352456370
1731618148656
1245918
21180625
360071561
1245938
147940146699348373
30103038818511
8701191346200953
6128298793
1248590
104321282909
104321285810
30148851599319
361277253
6266004998
75074
1264414
21515543
105705865629
8828659603205409
1796999715712
365954993
1797939868347
30564977761903
105761354892
105818316214
30581493386075
366506575
105920400404
105920401696
366511267
6230691543
6230691558
105921757684
21560031
105924435283
30612161797016
8846914759342012
6231646077
6232008925
105944871017
30618067724142
6232097510
1801076180479
30618295069476
30618295069500
105945657689
105967198035
21569554
366638767
6232859043
6232859058
105958605064
4407
1273726
21653379
6258162453
21654557
1273852
75124
371112470
21830146
6308912297
107251510144
6308916633
107251583973
30995707768426
8957759545079502
107256297271
381346858
110209242191
6483330321
77625
110543179239
382452283
110528710016
110856944005
32206080805130
6565322211
9321852917948499
22717462
1897385578916
32255554841591
386207804
1897438943922
1897438944032
548359854825477
158475998044567241
1897438945712
22822359
22882184
112941206516
6690623133
6690641944
113740913067
393566323
23151254
23153564
6691526897
393639799
6691876587
1933952337198
558912225450451
161525633155184727
6691876602
6691998559
1934810840889
6694847525
9505726011708338
1934811532466
32891806791183
161597481741586811
393806788
113810161821
393807113
32891157379250
559149675447254
32891162222212
9505545882219497
113810288430
23165167
6694733506
393807946
9505570439423362
6694750062
6694766136
1934789278021
6694772833
6694788330
113811406255
6694791394
113811474473
1934795247027
113811571852
113811585983
393812001
1934798632562
113811690987
1934798746798
12117057675493370007
161596328774286450
559156846969865
6694805671
113811743485
1934799639249
9505670627676257
161596400670496388
1934799639264
113811740050
113811772896
1934800139251
6694813925
1934804101476
113812019641
32891673676338
559158452499079
161596792772234060
1934804333916
32891741496255
9505713292417924
1934808378318
79064
388443535
6603540107
112260181844
1344107
79106
1344821
22866300
4655
32473932713101
22871274
112366572008
388811677
1345451
22872678
6610204031
112373469860
388835551
32500584154040
9392668820517789
6615259288
112459486508
6615270555
6615270558
6615293577
22892293
22894095
1912263553043
6616833922
112486176693
1347068
389304187
32515075072996
6618652146
552796445894676
112532091180
389392607
22909133
389455280
389719163
6692181717
1934040516442
6691944280
23163439
1362725
23166329
393829012
113816584697
6706130136
394478429
1939828894410
114107582112
32977394576081
1366268
6712479395
1939906545384
23226683
1940021911441
394885952
114122040217
1940074685022
1940074685142
114125704704
32982328660881
560708440043510
162044739172574619
32982849414412
394908404
114128528845
114129705365
6713531596
1940210631473
1940210632669
1940210632765
394913624
114130037425
6713531627
114150222010
32989414163069
2755308860313694559
80396
114151635720
114172905084
395061971
6716220386
1367046
23460307
23460309
1380238
23487424
6787865625
115393716958
399286227
1381632
4784
81347
400041438
400045691
23538103
1384658
1385828
6811811418
400696557
115801305202
6811866461
1968629407458
6812733464
81574
1981707368616
23727262
116589013700
116597529696
82162
1396773
6862363120
23766360
82351
6878137901
82356
405063370
117063314033
118006046433
34103747419366
24020504
118012740863
34105682109636
1413320
83155
580027910200437
6945005109
408566581
6945631895
118075742234
6946375658
408668051
83216
24049527
408841996
24049653
118256055323
83320
409366553
118331026644
1425404
7003015270
411946300
2025096736125
585252956740354
34426834793770
34426834797847
119124768890
34427225972812
7007933958
119134877835
2025292923214
34429979695500
585324018062984
119140472538
585349425233547
169165983892495312
585372665300620
169172700271879409
7008693382
412276082
7008693654
34433712029986
9951342776666183
34434440884198
24266284
412527662
1427433
412528346
7012981901
7013034475
83974
119234764361
24271067
7014338466
413024737
34496239069826
7021420548
9969572063154463
169482725073625890
2881206326251641232
413041355
119368953116
7021906001
34498624185893
9970102389723306
2029512952621
586529243310228
34502133735953
119387694746
413111393
119389192666
2029616276655
7022893700
2029633150920
34504514504308
34504514504418
413123958
4955
2047108946238
591614485463011
120418173396
1443614
24543367
2049886560907
7093038644
84926
84940
24554990
417434849
418320942
2055210833966
7111457347
1523381
1523536
25900131
7485255813
440332924
36777046209071
10628566354421748
7485659727
36777046243312
1523650
1524578
625692034397484
440917972
7495605543
441011502
1509026
25658623
25658630
436196729
88799
436275296
179020626277661262
126083560773
7416680051
88847
25677450
25678184
88888
1511559
437060893
437061027
2147362011451
25710869
7430523446
25713117
88981
25715598
437166499
126341118440
1512696
89000
1513004
25722401
25735190
437498249
89054
25745196
437668336
437668351
25749446
25751879
36889533216337
2170420018806
25991034
25991118
627341853441468
25990317
127696522411
627373014605863
7512023004
2170974648385
627411673387653
25994270
127710885835
2171629028909
127742884069
442185346
26010906
442185406
442185421
7517153235
2172458066929
26010923
442185695
442185710
7517158148
442250395
2172776193505
2172776193615
26014729
7518256770
127810365680
36937195681749
442250412
36937196749873
36937196749893
127810369446
26025677
7521420742
127864153947
127864153971
442436528
442587644
2174526925233
628438281392566
181618663322455962
2174897456182
127935144498
36973256760151
442740525
2175184201428
628628234212921
36978131449268
10686679988838681
3088450516774383197
7528022047
628786654334351
1532664
2176175920833
10692988539552328
10692988539552348
628999325856242
628999325856352
443002084
2176469241562
2176469241672
128027901922
7531079092
37000191581099
443005011
37000221928849
128031724339
37001168335396
26059841
2176543989176
128031999380
37001247821049
443018832
7531320148
128032443849
128032443983
37001376311316
10693397753974712
26070081
128082310056
2177399300773
37017251055635
7534551457
2177502893777
7535492405
629371861228574
7535522768
2177766080041
37022023362054
37022023362164
128105297583
128100545643
37021057694048
26073890
7535354299
629360326477348
443256149
7535949230
443334741
443335863
128124064496
443441724
2178629192115
629623836521464
26084888
26085927
443460763
26087644
26087676
128168755034
37040770205055
128177269287
128177269397
2191212629049
7588045424
2192945127565
1548565
7609786369
129366368292
2199228263907
635576968269352
91142
91157
1549688
1549775
7614047541
129438828344
91244
1551152
5371
448733298
26392166
26392436
91369
1553292
1553298
1553982
449101129
2239728944244
1578152
1579458
11026936054850177
5477
26914380
1583269
38462812299644
464473039
94576
5564
464826475
27342788
94670
27359719
465116556
465118421
1609409
7911672048
1610581
27379896
465459101
27380069
7915226041
465474135
465734215
94846
1612401
1612407
5579
7922111114
2289490112175
661662642422963
94862
7824763558
93698
2261824228157
5512
27081711
1593197
460438321
5515
27097307
460655552
1593979
93774
133241100228
11132817626410220
5524
461552410
133388648669
11140753325492159
7846541763
655351014596133
93978
133446808636
7849812667
27169303
461878155
7851928898
461878170
1602156
94244
1602167
463026870
2274851015358
38672467261090
2274851017021
657431943919298
7871456809
463026938
7871457965
1602185
133817719047
94249
27238017
7871787142
7871788434
1602238
27238050
463048041
7871816734
463048167
463050628
1602252
1602258
7871979921
2275002197398
133915528488
1606081
2280406173140
1606181
464186398
7891170099
2280548158840
134158321072
38771754790037
1606293
7891719612
2280706968097
134163482175
464234696
1606376
7894553097
134207402653
134207402668
2281525846434
1606873
464387512
134207991057
134207991072
7894587729
27317755
464402829
7894943989
464408061
2281636812158
27318141
1607815
27332874
94584
27335022
661712280696222
38924251888380
134689573722
134696002479
1613002
27425374
7925934487
134891612749
191526801550770877
191526803097830269
11013971395507560
11023886246832409
11266284824055332
3255956314151991037
662722865220132
191524625835484097
466747758
134890102291
38983239566487
11268660057060581
27466480
191618466421937433
134956466341
39002418772778
39026473711011
135045343772
135057653931
27501613
467393693
7945692800
1617925
27504730
7948868491
96172
27651001
470080591
1626585
1626684
1626704
470118890
95689
7992054367
1626718
7992067637
2309707547322
667505481180446
135865174821
39265035523498
11347595266295310
1626809
470149475
470160331
470454639
470792085
27693671
136064067520
1629121
470816072
95832
27696129
1630600
471243489
8011140646
2315219646923
27720395
39365133138528
8012435245
39365097266438
39365097908717
669206664448208
136211462713
669207041625816
552609102501193857
8012778569
1631513
27736582
27736702
471523959
471526717
27738581
8016449998
1631769
96030
471799525
96010
27746989
136320959803
39396757383296
27747119
8018921779
136337848202
39401638130467
1632685
472456562
1634813
2321689963521
193909867443246051
5658
27799857
8034158902
8034401825
2321942127654
96197
472618707
137191363368
474734387
137198237872
39650290745237
2332370046268
474749131
27944285
27944540
8076498371
2334108029448
1647226
1646206
475805657
137507834976
2337633197552
675575994092757
8088696188
96848
8089134521
137518039855
39742713518184
1646523
27990910
28004856
1648682
97077
476941413
8108005354
1650328
2364552033682058936
476983218
28057843
1650468
8108801244
28058151
1650538
8109095297
97093
39841708451409
28059966
28059980
477019697
28060106
1650604
28060291
477024970
97179
8116524582
1652161
8117069839
137990220335
97190
97192
1652283
5720
1651119
8112707181
1651388
1652248
1652429
477552070
8118386523
28091312
28091318
1652437
1655295
39954824595679
478384982
2350305419412
478425442
8133335195
39959075815881
28167509
478847657
478847672
8140411502
97468
28168481
97481
8141811565
138410796642
28172374
97417
478611833
8136402494
1656108
8137198486
2351650362683
1656281
28156904
1656288
1657154
8141600432
28171643
1657229
8141968923
2353029018976
97650
8155838408
28220909
479757382
1660069
97752
28368558
1661180
5748
1661275
8161846921
28290734
2362952432917
28294648
97993
28320206
8184543922
28324012
139155873059
40216047314280
1666127
98057
28338702
1665869
1666045
28342323
98079
28344920
481864973
1667362
8196478658
8196683128
2368923806674
1668453
8197111692
2368965279217
684630965698101
8199861839
1669148
139409011214
1670007
8204744804
139480661687
482632112
8204747948
28390138
1670108
8205243308
139489136273
8205243434
28391861
139489480218
2371321163727
8205257166
8205443349
28393459
8214005194
1671896
483189607
8236684591
2380401848200
8236744019
28500933
28501786
484530381
484530387
28501787
140029282377
484530398
28503233
99146
8281260000
8281260087
2393284166568
1685605
1685615
28655474
1685657
140787822800
1685664
28656307
487162201
8281771923
2393440434306
1685765
487186314
487188895
140797592056
40690504104413
2393561038683
28658197
28658552
1686633
8286430775
28672780
1686705
487457974
28676373
2395179429732
11767516538293864
3400812279566926925
1686924
99235
28692999
1687868
140972493797
28693863
8292527808
2396540536741
28694165
2396565456273
1688005
8293171411
2396726538008
28696110
1688009
28696172
28722698
1689703
28724965
28725857
488339588
28726846
8304863737
141182683547
28736593
8304875466
141182884255
488523412
141183266297
8304898022
141183266411
8304898128
488539395
141189017544
28737924
8305260140
141189422715
40803743164864
8305513299
28738809
8305516030
8305516637
2400294308322
28738845
28738930
141194625182
40805246677827
28742268
8306534157
141211080673
141211080688
2400588372774
1690738
8309184687
2401354374772
693991414313496
1691290
28752737
488829548
8310102320
8310102335
1691465
488833474
28754924
99498
1691486
488839543
28755657
141276544629
141276545807
8310385102
141276555357
488846228
28755773
488869035
141283151204
2401813571801
8310773614
5856
489165535
488740073
488623660
141219415433
2400730063718
141220766186
40812801429179
2400809487386
40814777086720
8307575165
141228777824
693874135085646
40816125593290
40816462825419
8307922664
2401020962448
2401020962558
693895058179491
488707707
488702402
99478
28749231
28749245
1691145
1691151
5853
99505
28758635
99520
28762539
8312373860
8312373874
141310355877
141310356953
488963182
141311116256
2402584983109
694347060118590
40843910155138
8316398414
489199910
99631
28793747
1693769
28801265
99665
28803284
40908337091831
200982660132168669
11822509419539388
40908337432909
695442060525497
11822515028933587
8327468005
40912850311435
141617024826
40928145043347
490097831
141638604333
2407856273680
2407856273799
695870463128140
491390560
491422625
28923485
491750640
8359762213
492092358
1702776
492585860
495280665
8419771324
8420179089
1676181
1676412
1678192
484997577
28549257
28551675
485378479
485378494
98798
28552711
1679585
485444363
1680628
485746329
140380689170
140380689185
2386471717223
8261008445
1681660
8261998426
2387717545343
28588239
98926
28595147
28601419
1695602
141618779760
490233677
141677532882
8346428451
28883341
491016834
2412385502789
2412486282075
1699359
491116176
141933350052
41018738165257
491127843
141935946856
1699766
8354567113
697781799915442
8354567133
28908654
697784670991536
142028220039
142028220150
491538654
1700841
8356151142
28914033
142842853245
494879946
29115070
29144468
41382016547706
11959402782287263
3456267404081023395
29154362
29155224
8425859835
41396249372201
495638827
143239949244
1715183
8426694746
143253812015
29158130
8426788502
100936
2436499692692
41420483945367
29178922
203794123324306302
1718551
8443244029
496661468
143535168640
1719184
496737335
8444536028
1719928
8450084520
29240109
8450391730
102760
102811
146096879436
29733396
505618185
146123655554
505642750
8596172725
505657253
8596173305
8596173320
146134947518
146134949383
42233000371916
718061737820700
29754156
146187795600
102972
29758997
1750543
1751207
508418104
508428256
29907610
2497913503420
508442597
2497978483772
721915781810337
1759380
508461029
2498097080668
12273150957324754
103495
29910144
508475648
1759474
508488075
29911083
29911722
146956296122
12273936808414172
2498257034470
42470369585994
2498271316218
8644537442
42489833194117
12279561793100042
147023644279
508737084
2499425298403
1761517
509078502
8654334797
29945814
509171211
2501558162691
509665581
8664314881
723652243935885
8664314896
42567779088609
12302088156608230
147293354310
42567779395819
30004238
30215737
513667533
513667548
2524108544487
148571391509
514140124
1786363
516258996
30368190
149355264825
149355264840
2553582792053
737985426903546
519760405
30574146
6196
30463304
517876205
8803935658
105425
8935669014
151911597266
2582497153541
215709648596027659
44200677103630
30991991
748074628313095
216193567582484684
748074628313115
748074632528449
748075018845611
748076761105351
748097029480505
44010036802308
748200483113258
44012189652520
44012143312868
44012480570686
2588950304737
748206638069222
748210941851422
748210941851442
8959472471
152316761769
527068250
44021267360070
527077942
527077946
12722789089796853
12722793866156497
12722793866156517
527095089
12722797730184060
216287566631650154
7166874535418239887
44023531821882
7166915053780905347
748400391423241
748400426791217
216287723342661942
12722811678191060
527097622
2589678786918
152339593269
152339846722
3677133246810099265
748449673684167
8961224810
152340821789
748450457457116
8961224984
12723658548270570
2589794661227
152340867335
2589794744699
2589794744714
44026510661216
152340879676
748450762905684
2589795249293
44026529805118
748451321512628
1824036
44027887883046
44028185167520
748514481789547
31010521
1824241
31011473
8962317082
2590109641086
31011493
748554119156189
2590395293346
527274171
152385445949
31017313
2590597099436
2590660161557
748700786690202
44041232467005
8963690410
2590506670758
748656427849291
2590511451640
44038920897157
152388051789
2590706006205
1824630
2590856176106
44044557082990
44044576501867
12728882609039792
152403594920
2590915785376
44046872821338
8965381209
748877663434744
2591315974509
152431585866
44052728319662
527444949
152435995938
152436930483
12734455858675434
749092306057148
749092306057168
44064627501249
2592046848871
152474459165
216491932857056727
12734819579827029
8969230346
31041833
12737664787222261
12737664787222281
44074964661738
8971089966
31043177
8971478382
527759200
749369243986696
749369243986716
8972275006
2592987476963
749373380846695
527794384
2593152064346
8972883789
527873451
527932862
152576772330
44094687203599
44095895670784
8975359512
527966387
8975428583
152582287244
44096281013745
152596587097
2594236855613
2594624707386
44108620025587
2594868356907
216726000037320686
152644589654
12749300757631682
2595014351446
749962988523640
749963021084811
528196431
8979339331
8979339341
8979339346
152648769960
44123349128727
528281693
152673409366
44123746578698
2595514554211
44123759534515
750104089056063
750104089056083
44124015528203
12751840487650896
12751841789650653
2595530590243
2595541090071
750111402830097
31076513
31081023
31080034
216808474518367263
8982211655
750215751512728
216812352187178621
8982454106
8982461538
8982537236
152703133016
2595953262605
750230492893074
152710694123
3686215626839544935
528433852
44135330022667
12755110376550992
44135332721807
8983691502
2596292402066
750328504201462
8983710749
750334709836643
216846731142790056
44137668949833
750340372148628
31086018
750341587713128
12755808543902926
152726673342
8983952060
44139138079141
44139138079161
8984252471
152741467999
31090115
12757482794014098
2596678789137
8986447695
8986447715
152769937220
152769937240
528620333
152771276466
2597259725506
8987852982
44157415132043
44157442625022
152798932607
31100951
8988474625
152804654537
44160545161422
12762397551655346
31102219
8988541520
2597832345482
8989042000
2598489839592
529862583
9015100998
9029718545
31246137
2609708657305
754205801961374
153512275792
44365047704117
31246377
1838145
9030809231
31248484
153523809651
44368380989368
31356469
534344580
1853679
535713334
536986505
533120003
1844760
154076270529
108542
31368867
31392123
9159980684
2647234417905
155866648652
9168627964
2649733481825
765772976251813
1866341
9169338044
2649938694945
109789
9176832698
6467
9182399870
31775217
9183037942
544061341
9249042801
9249042816
157233728950
157233728974
110743
544104722
157246264887
45444170556731
157261340212
110896
9262215385
32050227
2676931059846
773633076295723
9262737234
544869071
2676941750534
773636165904555
544869167
2677569522117
773817591892042
223633284056804526
545117636
157538998229
9267000000
157539000019
545118705
157539305974
1886406
157625035917
9272060953
2679625615646
1887257
2715026928581
784642782360138
9406737216
2718547056945
1915087
553460232
9408825277
32556498
33051809
2760694787600
113350
113453
32802934
113531
32811860
32815063
9489884811
32831496
9488306732
558149071
32832801
558158950
113610
32833379
113619
2742494027856
1931732
32839448
9490601419
792664521186868
558271949
2742852298583
792683760119520
558785567
114472
33082507
162534359737
33082511
9560886481
2763096193113
162544631761
162544659100
1946168
1946828
114533
114545
1948459
563104880
566966478
567343228
1963131
567346260
1963151
1963179
1964933
33403880
33426407
9660231852
2791807009616
115808
33468741
1968772
115824
115829
1969254
1969302
33920139
576642367
576642382
6907
166721485371
33936194
9807560295
166913930620
2837536821635
117654
578056444
167058312545
578056458
578056459
167058384503
2000211
9827039489
2840014412550
2000208
34003550
167059443996
2000223
167061103531
48280658920688
13953110428083220
2000989
34016832
580876048
2010054
2010890
581147299
34185149
2010924
2011205
581238454
34190493
9881052566
2855624191803
825275391435455
581545372
9886271328
9886271343
118370
581556523
9886462224
34210227
2013997
9894769364
582045362
582079680
123519
7547
37083124
128318
37342543
634823267
183463924392
38233702
49966
