2009
44
1666905
28337404
8323544833
489620301
140895422566
140895461870
28707114
8296356035
2397651646700
488323084
8301492447
693361113178668
40785980330559
141128084739
40786016489660
11787158765551591
200381699014377066
488853960
141278794669
143024038772
2431409045401
41333953771836
143024078076
1777449
8665643534
509746382
515511898
151129835343
8945188321
8945188341
152068289208
1820722
30952292
526190059
152068927280
529695882
107819
1832927
1832941
31161092
9005555817
1846883
533749416
31630528
9141224017
9141225813
538279062
9150826475
44958010476386
12992865027675783
155564050094
764761027992178
2646231933696
539393991
9169697851
9169697866
162932244075
33163537
33163557
2771528391940
9590065871
47115993624857
564506666
1953381
2773521871168
2773521871278
9601435785
564790357
1955106
163292413926
163292413946
9825750224
120722
34888887
34890179
10290126984
859441695901233
10290127004
207899885038
718873006
207754298963
210968883460
17620332115471270
148126
2518146
12371697218
2518161
42809815
12372036764
12372933389
3575777749650
211628188019
732401349
43085063
212993562181
737001960
43353099
3621676918792
737162046
737162066
150356
152223
152243
153787
44445844
12844849145
154423
44628403
236849682847
2836275
13934621921
48251223
4032523844376
237207285262
4032523849458
4032523849473
68552905442253
19811789672811346
4032784469047
820840949
48284765
2944590
850986739
173384
252581595118
257935666842
4384906336333
3088276
15262135429
259456302312
3106483
15262152364
897774988
898674153
259716830306
4415186116535
1275988787678844
75058163998285
52865278
15278065431
259727113660
75061135847969
899203499
15673652100
266746046569
266746046679
77089607490460
3194849
54333654
54333674
273274496853
16087472133
1343712908988761
273668819146
16041132481
11374
11428
3302921
197119
56967480
3351042
685
11649
57309793
16562530406
4786571291722
16562977033
3438748
850007621
862006458
51233220
16058862509
16058879553
78897275247586
4641016191046
944639977
3268666
3275506
946621323
16092563824
55683621
277204784843
4712481668736
56456817
277928592921
277929256739
277929257666
80321555465703
4724797380449
56570189
961693232
4725192836214
277952519794
962027316
11614
280374474615
398092191384662867
81028403179768
3361462
81137561714127
12953211139538869307
281167790421
18918653016
227785
1119110551
228941
1124789236
325064089433
3892104
5561179902640
230601
66665343
70674475
245046
245159
70851055
14429
70892523
245415
20633756751
20635078664
21375742577
4350869
21382102365
256144
74025947
256154
105436607382182
1792422325497113
30472164448362326
105440026374836
30472167622327833
4369549
4389488
1268562131
1268562135
21565556332
366739884805
6234578041704
21572934417
6234578046742
258411
21728769835
79156275
79468322
4396766
15245
74901531
1273348214
369332596594
75174600
75174620
21753069649
6286637129962
1281163389
1282809216
21807756691
4442380
23275971911
395691522491
6726755883704
6726755885500
290393
1426703679
1427089736
7011291878904
412428958767
290475
1427106521
412433784798
4938488
84198808
1431379773
291415
1431723998
4954080
84280534
24357074415
4957865
17207
415796278848
1438741458
1480304605
1480304687
89625912
89633506
5272575
310995
89877658
1527920223
7506681131697
89877784
310999
25975086287
89878800
89878814
89878940
5287002
5292849
1529633590
5553446
27284084300
1604946152
1604952342
1611461190
5577929
94830474
7920336024654
7920336024674
465902121608
328142
94861891
7922960003911
7922960003931
466062696957
466069863119
94875303
27418962796
466123697932
2290065727940550
466123730240
7924200052217
466138116420
2290136565972080
134713915645469
7924347979159
27419905543
466138450504
2290138207326772
2290178299826328
466230971051
134740750636960
94897524
466302699406
27429570570
27430706400
134772098447033
38949136451193962
662135319670297373
38949136451195758
2292447003169078
7932480311985
466617811914
134852547643375
134857038510473
466634313612
7932809528271
466641538054
27450189671
134862950878432
7933629249981
466684073545
134871697254734
27452295594
7933713456402
1614840934
466689724638
134873330420611
19341
95024121
7938148059217
2294124789113942
7958256159170
95303890
27542824439
39147911518655894
7968249037309
39203416095684884
666458073626643047
95553350
469453613261
135672094232658
39209235233242550
27616498489
95558946
1624803342
19541
1672776307
1672954297
1672970634
341937
98819896
21119
1764018068
359388
21153
1766790282
343235
5835009
5854229
1691872410
99535313
99599182
28841866547
20346
5898410
100272974
1704641891
509777229483
103761095
103928811
6113475
1767150124
147594145577173
30064313463
6127993
1770990066
30106832455
104175900
1771049325
30108179873
21219
512340563880
514280980805
1779847614
1779847883
30257452161
104698209
30257782490
514382302920
148656485544109
42961724322251889
515936617588
515936617608
517174836663
30422050535
30427624731
1789862789
1789864654
105337584
517466137661
6209831
30562932675
8832687543304
1797882670
31785702659
109985146
109985384
31899120676
1876418880
542285056549
544010787030
545042217792
9272250122920
9272250123030
2679680383512020
9287247084718
6542047
1890651812
2022697473
34385857045
34385857060
24332
2032638090
34569569685
35412378840
10645994479549
180981906153666
10650984882302
127876351
133224821
424644
122722345
35466762093
123681650
35743997079
10330015160219
25182
428098
428113
7278857
123740606
2103630475
7278999
25202
10342060882794
35783897302
615815478968
36224439956
10468863147513
616278702880
620382089610
36596993748
126633212
2152764624
179801054169714
439985
2178321983
37493095745
10835504670534
3131460849788714
37493098863
10837118485985
37498719853
10837130037746
637645311293
184279494963906
2206888079
2206888189
637790686850
184321508504038
28064
477195
8112319
2344460420
137910780
39929560279
2349037140
138178672
39933636437
138252454
479507
40190834993
2364166781
683244199938
2369634502
2379458436
139968160
40602523687
140493176
140562767
11739942928179
140856257
40707458362
692026793487
199995743317972
40719081977
3400898445866589
11767814692754
3400898446206135
8289711
40727352989
140979152
2396645588
11774719819764
2396645603
40742976329
40770389046
2398259433
16729708580896283779
3405192077527438
2399679088
693929814559
141243026
2401131446
11796758840118
2401131461
489557
40888295897
40888295917
141482062
2405196387
40888355769
8322488
40926587998
3418229556246530
141618769
141809619
8348470
8357594
41060865702
698034716938
8359673
698208314205
201997831164122
41114981386
201997903552264
698954683581
142280798
2418773578
699025564131
142281964
699031309409
699031309416
202020048421380
16872916464202087590
8369496
142281436
2418785745
699029080534
41131990692
699243843097
142331109
2421613574
2421613594
142452233
41168695566
11897753022962
29010
42375888428
12269897016080
2514100391
148021810
149798266
2576910852
2582047245
2582047247
215655168125297
747136037446
8965587
2591088825
12731460427188
44272745878
536030
761086132361
154912759
44769787580
2633518236
761086770433
2633582762
44770906979
44801810832
9120062
2635698007
44806867452
12949184693857
155041073
536481
155043098
2635732856
44807489104
2635734710
761727334136
761727334156
44807490260
12949364685369
9120196
12949472931564
3742397677222225
9121474
155065062
44813803147
12951189113871
761834695526
155065077
2636107387
761835035072
2639157217
2639262190
44867457255
763874719447
220759793921584
63799580443338005
220759793921608
45109363563
45115801939
3768517632291288
2654224781
45167919009
13053528593830
541564
9206600
1091872266719207185
3778104729132220
769031560018
45237150606
13073536525363
541810
2661913077
769292905821
769293543893
45297959186
222548873483664
2662493190
13080829045316
2490826929
719848982710
719969159430
29938
8652311
2500522267
508988
2500660147
722690782712
208857636208156
29993
509885
8671243
2505989456
147432008
12313680200130
510161
147444643
30024
42631389229
3560616259803919
42728577806
12348558987335
3568733547340044
12348558987359
12350613090924
12350613090944
30110
210051741920423
726823300791
8701893
147932218
1031939282162506051
42790541715
1773
30146
512670
42818716770
148161719
2518750656
42818761156
8715459
2585703861
747268416058
2585771643
2585771663
30960
215978511490702
747872193271
8986820
751552458538
751552462615
2600527561
153529147
153537866
44372443503
9031696
2610160373
9031812
153612838
2685429114
547119
32322
225482233749233
9341287
549492
9341401
9363125
13297137177418
65328837499927853
782184610672
9531959
162051362
796158344352
230089761517957
2755084449
796219405990
13563965727461
2760831659
2774826028
13632720278410
9626270
163721782
34055
9842124
2844378224
48390155926
2850139151
48452833563
823876623605
48473354214
824063139748
238154247387401
48474321480
14009078907949
167731219
2898601765
34770
591094
170826434
2904049397
591336
170896207
2905235556
243027296881798
2909774765
10099839
10127745
2927177329
2097
14672715274690
2105
866757901966
866758236050
10068547
592390
34847
10070872
171205414
49478364875
171206157
592418
171444595
49547488184
10086122
176536620
610869
2121
36076
870886258505
3013447304
870886271085
10428016
10428363
10431375
3014667718
177337579
10726035
37880
186105695
10947549
3163846049
53798307833
37949
186445540
53882761289
186820685
917850028251
186852182
918004773012
186857099
646570
187345244
3184871700
920427921529
648269
38137
187369927
54149909132
55122323775
3242547296
190656671
190689956
38934
11252025
38985
11266894
3256136754
3256182001
662936
11270103
3260605595
942315017184
673426
3308544041
956169228078
3308566301
956175661218
276334766096390
673612
3309457576
3309963898
956579566751
4699703011107460
56269716767
56269716782
194704918
956585264980
276453141579449
56269789001
674563
3314129807
56340246892
39760
80377350212695186
57497267388
3392381472
57683421788
3399155267
40791
693666
693948
39758
195544894
39802
3324951964
56524183407
3324967920
195712059
195712185
961549401378
3327156943
961548356756
677220
195938057
195938183
56626139275
678002
278365716673276
196046143
678376
3333550895
963401170005
278422938131674
56670657229
196092254
200309699
40778
57900640573
200348255
200377671
984455500469
57909149455
3406421554
284508056401241
11787831
3406683388
11840130
201282800
201283543
41070
11869386
991342996716
201779754
201779958
698209
293216966544069
4984689143098320
59791730576
43868
12675953
12682241
215598122
746182
62321872522
215646687
3665995012
12690610
215761411
1061536464315
2587
216084047
3673428818
216168875
2676
13177198
13177453
3808870085
775371
3809402434
1100917303655
13181376
64760104999
772815
3796843143
223343764
45640
224232368
3811950260
225068154
1156450210036
1156450210040
334214110701805
4001557823
19659814386687
2826
68146430389
19695672927534
1163340348626
336205360753143
236810974
68505444947
336567251027577
19798073589912
19798096376844
1164666357653
1164666357673
68525320862
237122819
68528494780
68528494795
1164984412727
336680495278332
97300663135442336
237125746
4031137686
19804979497238
336684651453065
4031137701
68529341995
1166624463281
1166624463301
4037086751
97455819013522133
1167117387886
68653964010
19841184080153
19847347218557
19847347218577
19849296856366
5735710088698716
1167455747794
1167455747814
19851469242139
68703838881
19855409436838
68703896092
68703897837
19855426475122
68886140659
1171089719109
1171089719219
68938833453
1172975873085
338990027321794
19943523165344
5763678194784445
238784538
69008732883
69013727654
19945386184880
339071578112646
4059828390
1173290407111
339082844799059
19946049694079
339082844815396
19946185480716
69017942849
4060187086
4060187355
69035634259
4060921143
1173606211728
339172195189621
69039979697
1174021878947
339292323015912
69065954728
1174207462456
339345956651185
5768924952584701
1174216355139
1174218487381
69071676027
339431676162583
5897491663199387
100257405823137763
346912459906545
346912459906565
1208143076231
20450582226945
347659897891137
263737481
912602
15562101
3170
15576313
4501554686
15578921
4502308398
4613926585
1333424783294
4613926672
1333424809633
78436787410
78484315023
16051867
55587
16064872
4642752396
395807386977105
1373107610676
16440283
4751246175
6921704455195636
1023334
120069354261504901
59606
4978358426
4978358446
17232823
4980286076
24482474337342
17236907
4981466352
60422
296856132
1027193
60432
3557
85938034491
5076495227
17566941
5144648584
1486803442201
302626715
87555660321
7315125778850273
303059375
303353972
61749
1049737
1049752
17846862
25369799174559
17899733
311578443
443223507012910
312791845
312791865
63670
1082394
1536856878772
18400859
1082408
1082409
18402031
5321142327
90460516897
1537828787253
5321214279
444273150359276
1083201
313045454
1106449
319763990
65087
319775135
5436177332
92415054817
1106504
92424356319
5450236348
65356
18891455
5459693873
92936868220
92936868307
92936872384
26858756119205
18916537
326695744
1092865
315838014
26381128461679
7624146125425460
448482272570745
26381310151237
7624198633707722
5373255776
316073885
1554397393197
449254911704855
18636551
5385963328
91561378620
1556543439738
91561379774
26461238754915
7647298000174823
316821386
18640892
91582704499
26467401600440
26467402374498
449945840366485
316895183
316895189
91582925268
18646302
5388781507
5388782799
1577283430806
93073135428
5480944903
1583993077196
1115616
1115713
26930622371858
322482324
93197391027
93197396024
1115871
93214121137
1584640059333
1584640059348
26938881009994
7785336611888495
1584951270426
458050917153343
5562349127
19246898
465378286568918
328076477
5577300128
1611840522292
465821910942617
134622532262420701
19732373
19732396
335450757
97162086775
1652549336784
477586758330805
5722169153
97337305165
8320437279687077
98615338425
70264
345208820
20306525
71439
20646100
1214481
20646214
1215610
20694343
1243776
1243796
104060378021
511911275310604
30112427959464
360899961
1773228097779
361069128
1773932628710
30156854705260
361089681
106742434910
1263391
105924435173
1800715397960
1801014527073
22663031
6549620347
386499670
6570496834
1898873587205
386595847
387985041
32440381732923
1361851
393575182
1933910665075
558900182206764
9501303097516321
32876481306294
6691995231
6691996965
6692017567
32878050859808
9501756698484741
6692056714
23156876
393485040
113810973911
6694808017
113811736303
113811736308
1934799518314
6694812137
6694813916
112261947206
6603565087
1908430310372
6606779032
22869829
6609380670
1910111013859
552022083009639
388787112
112383193754
6615219865
112459519623
22891092
389304077
1912650930935
552756119040444
6618733833
389337301
112518480218
389382691
112531597855
1361246
113692632866
6687803701
1932775269818
558572150377085
1361249
6694770019
4725
23218638
394718179
1365822
80344
394834761
1939823183663
114107246158
32979985673663
560700022924259
114125793393
1940151995271
560703927072688
1955624115079
565175369258060
33352860304042
1382363
6803710170
403447837
116596425122
6862346296
1983218079773
403667486
403667501
6862348595
1983218744184
33714735990912
33714735990932
6862352129
116678465715
23828732
1401692
405092271
24001028
117917053612
6940914992
1412960
24020324
6945368024
24032429
2007212573078
408941971
6954715849
83274
6955312515
2010085317064
118240312774
6960647156
2011627028313
24228932
584827551950209
7002162749
34436992422339
7007293786
412193803
119124009296
2025161319415
24247492
2025174785032
2025174785052
7007525277
7007525292
2025174870612
412207383
412242708
7008682179
34433655569790
7008765805
24251800
119220191210
1427444
2027005725338
119247502359
2027207540107
1427818
119362050365
586436066375967
169480023200901448
2029234700549
586448828458890
413033742
2029251457061
586453671090858
2029282638595
586462682554184
7021773997
2029292685362
413047220
119370648005
7021867733
34498436175209
7022241224
2029452503056
119379559020
413078143
7022328435
7022328450
119379584728
7022358216
24298834
7022363255
24299512
7022559197
2029525437150
586532851336579
84084
413109419
2029606578513
2029606580258
7022863848
413111121
2029614940343
2029614940453
1429466
24301242
24301247
2029668905967
413122277
413126131
7030074758
413533826
119511275943
7092540636
84988
24562815
2051692138853
25899282
127246948340
440300875
440925380
1525736
440937807
7416673815
436274947
1513072
437315704
89015
437337075
2148637054186
620956108659983
126390417941
36526830785178
7439460282
36594478717192
127644398311
7508543600
441681530
1528325
7508737340
10661333273545031
127657354128
2170175509611
2170351989484
2170351989504
7509868545
36896091725996
7509890442
127696276871
441885501
7512361901
127710189194
181330206098609909
3082613503676368472
36908244677155
127710224708
181330256529090835
181330745817659481
441906246
7512406207
10667044956436500
441927078
2171187737060
25996226
127719461184
2171242502295
26007353
442125005
2172160195485
26009163
7516648196
127783020665
442155790
442166863
127786223496
2172365800765
26010820
7517127069
1529995
442168784
26010021
442487089
127878770122
36956964565487
2174102563705
36959743582989
628315640912146
442589717
26035690
7524579632
7524579652
26036679
26036919
2174845586326
2174845586346
26040438
127943577529
2175322240520
36979146344732
442776122
26048553
7528031906
36997394594144
128033021524
2176561453659
128087767999
7535079427
443242432
2177650071262
37020056785647
3091952162794093656
443242550
37020061024250
2177650650253
629341037923346
443243980
37020232341476
37020317974170
2177665763518
443262789
7535510648
37022040403848
629374686865420
10699369676713473
37027760908761
1534398
2178625925737
26084873
128154985151
7538528555
2178634752624
2178733795743
443463593
26086097
443463668
10704783258684931
10704783258687359
181981315397685107
181981315397685122
26088629
128173437123
37042123328776
91094
26326269
26326395
7608332543
1549774
447884785
129438703530
37407785320399
10810849957599699
7614041765
2200458070314
447884915
129438744823
129733287591
26826479
131809182917
2240756109608
7753437113
131808430940
7766776029
648688900726719
38158170633525
457093485
1581654
93117
93743
27091956
7830612581
27096869
1594671
38491499155341
460860148
7839463461
27126174
93879
189475482270389953
655624506125932
133446879212
133446879227
461753923
2268597026545
2268597183605
1598273
461919531
27171764
1598569
27256613
7919689005
7920207218
27416007
7923226252
134888186660
3183037967330358153
662722841135276
187743570091251902
11046012038083118
3255957543127455190
134956172644
39002333894145
11271674495408134
2294254934967
7938632533
7938632553
134956840922
27485010
7943169411
95225
1626814
470149349
7992538970
2313001516451
668457438254568
1629047
1629067
39425976564751
27789631
472560476
8033528129
2321689896406
2321689896421
8033529069
39468728318843
472578313
136575132686
136575133978
1643759
475046440
8075790070
2333903330459
475803409
1647396
1648518
1651383
477249790
8113246467
477249916
1653578
28110845
477885443
138108893256
477927780
28141434
8132874529
8132874530
138258867030
8132874655
28156411
28159471
8163515282
97804
28265459
28289399
2362952431486
682893252699683
1664219
2362953171604
28309714
2364456028112
11617176631442308
481726666
481735774
139221643074
8184355239
481506866
139155485675
40237884464183
11628748610149116
8190175263
28339722
139243551197
684103567033707
197705930872741552
2367140402024
8196968068
139348461741
8200161875
2369846782104
8200161991
40312156605327
28392881
8205664909
139552695062
140773955733
140773955815
28653403
140784311158
8281799682
2435148951490956658
487194406
2393608225540
487201750
140801305979
40691577432319
140868636735
40711036016644
11765489408814504
140868652630
2394767134883
28672650
487491015
140884903564
140983674632
2396722468763
40744281970049
40744281970183
2396838706711
2400108444489
3407810775693992475
40803300612088
8305552171
2400304577648
8305606214
28740717
8306067316
141203144409
488837809
8310244086
2401660541083
2401696408442
694090262039967
8310528898
28756171
489160864
141367489925
8315736664
1690740
488624089
488659633
141232530322
2400953015478
2400953015493
40816201264459
40816462906408
488697644
141233619205
2400971527818
8307859967
28746934
488697897
141233692337
2400972770064
693881130548725
488964069
8312389177
8312389192
2402280492352
694259062289957
8317778569
141494787925
40891993710554
11817786182354494
1694799
28811585
8326548294
8326550361
40908341926559
28814665
489850413
141566769446
141566769460
2406635081915
2406635082049
8327457040
141568743881
489857249
141568745190
28816209
8327884630
8330046957
490013425
490024094
8330769228
8330769472
201113722657117573
40935013771083
1700436
8354244772
142022161161
28907437
8359197218
1701448
491718571
2415813546284
491718701
142106708977
1702621
142204679110
28541320
8248441569
485202459
140291956124
40544375321237
11717324467837722
1699034
8347356888
2412386140861
141906487499
41010974887440
8347440529
28884786
8347703383
8354568216
697781891977146
1710262
8402519309
494934856
2434236266042
703494280886367
203309847176164451
29156465
495659930
29156559
8426245640
143246177213
41398145214786
495661522
29156722
8426294059
8430795073
143323474148
29166956
100954
705170097567898
29214372
29219843
143704788812
41530683968069
12002367666772170
716551237129323
145968488106
145979291385
6051
146097434843
42222238059448
8592803535
102886
1750311
505839982
8599279731
8643021252
8643928608
42467621254070
42467661789970
8648532235
722411837250427
29929222
509167705
147149466774
2501540935212
722945330276497
147150480208
29978998
723652245215275
1765160
510131345
1765266
510161963
8672754704
2506426109685
3558768328708554088
42609263882255
30009547
8672778526
2506432994243
724359135340615
516231970
43905891907829
152262804235
44003950424144
2588570132053
748192698693476
2588950471779
8958639995
527013995
12722797882937032
12722799878404231
152334710614
152335446408
216302292939271244
748479084518544
748479084518564
2589893026085
748626093613245
44038478304748
12727120230072401
527280589
2590618827910
12728876898447746
1825689
152539213083
152552543497
749845547150313
216778542046638815
216778542046638835
31076199
750111503146620
152684748570
152702395441
2597499683398
31164641
2605266132087
44289524571884
9014761772
31194290
31197180
31215012
153359356802
44320854116007
2607109082824
531208797
31409596
534289537
31430564
12898645793932312
8030837266131967707
533493391
154179590228
1846116
9070386300
533995780
9168523322
2651424680905
155967288142
155979995183
45078218609408
544061254
157233702635
2673451717463
544158720
9253714895
157342464722
9255439118
32083119
9272024657
2679615126102
157632426500
157692457625
1888194
1917285
160133654228
113607
32832526
46617546001172
32832652
32832771
562411790
563284924
114660
799851887671146
13597482102360826
799851893721855
2767653611989
162803157325
231157208526618851
13597483418676351
11464205585863159176
13597485281192628
11464213058841724945
2767654409789
162803206439
799852154052477
13597486619971834
3929674088547697486
13597488751866167
13597488757250526
799852295265969
9576660997
799852407238677
162800998073
115567
233005193874621265
164104747859
1964878
33403165
33436526
569006854
164442981035
47524021523503
6814
9675269665
9676080592
33481331
569182646
569183722
115857
33503171
115928
33503421
1971345
6916
33979567
166941614774
48246126669915
166941617382
48246127423627
577652658
9820158241
6917
117651
9826334871
34001228
2000086
820714140326399
2000228
48280683084825
2840038549654
2840039690493
34003901
6925
2001414
34025371
117744
7267
10652059184
129212
37405618
129526
2220684
14384
1525693
291345
