139
9
166
226
246
20641168
396
4710
80089
113715410296
7501
2168100
2168168
2168005
127521
127535
2168114
10651945737
3078412322721
141
2478
2484
207060040
5632
95763
2415
41074
201798217
173
2960
2960
14544135
100682
100670
1711340
29092799
2429956531536
115348
1962947
6798
115579
100744
100609
29076217
1711497
1714387
30
172
600
6683
114755
39
11370
194453
39972
2348
2333
11553309
83
24091
1313
410625
1
31
5921
531
955
159
273
55636296
36
1828668
1963097
261
37
59
2007
115948
98059
34208695
57159386
48618
495693505
7524649
3291443
118882
98061
195353
355
34948
373
24392
167
4712
269
4443
80156
1823982
118368
176246464
100671
77797
41060
1711480
115410
1962043
6808
2590
505
552
14509
24913
1842
68515
68547
1353490
97908
99475
77970
4740
93862
338
100603
6050
109862
19
20
898
115816
55542
27725423
8012647626
4324
4
216
13
15
311
379
25
